
RESULTS OUTPUT 
------------------------ 
Addition: 
8.84 	10.66 	9.67 	
14.61 	14.91 	11.20 	
7.20 	14.75 	13.50 	
Subtraction: 
-2.58 	-6.50 	-2.03 	
-3.99 	-4.57 	2.52 	
5.76 	-4.87 	-2.52 	
Multiplication: 
39.97 	84.59 	57.94 	
83.34 	163.21 	108.45 	
86.90 	157.57 	103.32 	
Transpose of 1st: 
3.13 	5.31 	6.48 	
2.08 	5.17 	4.94 	
3.82 	6.86 	5.49 	
Transpose of 2nd: 
5.71 	9.30 	0.72 	
8.58 	9.74 	9.81 	
5.85 	4.34 	8.01 	

-------INPUT----------
First matrix = 
3.13 	2.08 	3.82 	
5.31 	5.17 	6.86 	
6.48 	4.94 	5.49 	
Second matrix = 
5.71 	8.58 	5.85 	
9.30 	9.74 	4.34 	
0.72 	9.81 	8.01 	


RESULTS OUTPUT 
------------------------ 
Addition: 
4.32 	18.93 	12.08 	9.28 	10.15 	
0.44 	12.43 	9.93 	9.76 	8.51 	
10.73 	9.13 	3.68 	6.53 	10.74 	
6.63 	9.01 	8.61 	11.00 	10.45 	
15.85 	8.40 	6.64 	9.86 	9.35 	
Subtraction: 
0.28 	-0.47 	-3.08 	7.64 	3.95 	
0.20 	-0.03 	-5.39 	-3.26 	4.71 	
1.67 	1.67 	-0.74 	-5.71 	5.92 	
4.57 	-1.27 	-3.99 	7.84 	6.87 	
0.73 	1.26 	3.42 	-0.48 	8.37 	
Multiplication: 
88.15 	165.25 	162.73 	139.33 	54.11 	
64.99 	90.50 	86.05 	93.83 	27.30 	
83.23 	131.11 	107.60 	92.95 	37.84 	
97.41 	166.38 	150.49 	103.58 	51.39 	
111.92 	185.00 	154.76 	122.24 	59.73 	
Transpose of 1st: 
2.30 	0.32 	6.20 	5.60 	8.29 	
9.23 	6.20 	5.40 	3.87 	4.83 	
4.50 	2.27 	1.47 	2.31 	5.03 	
8.46 	3.25 	0.41 	9.42 	4.69 	
7.05 	6.61 	8.33 	8.66 	8.86 	
Transpose of 2nd: 
2.02 	0.12 	4.53 	1.03 	7.56 	
9.70 	6.23 	3.73 	5.14 	3.57 	
7.58 	7.66 	2.21 	6.30 	1.61 	
0.82 	6.51 	6.12 	1.58 	5.17 	
3.10 	1.90 	2.41 	1.79 	0.49 
	
-------INPUT----------
First matrix = 
2.30 	9.23 	4.50 	8.46 	7.05 	
0.32 	6.20 	2.27 	3.25 	6.61 	
6.20 	5.40 	1.47 	0.41 	8.33 	
5.60 	3.87 	2.31 	9.42 	8.66 	
8.29 	4.83 	5.03 	4.69 	8.86 	
Second matrix = 
2.02 	9.70 	7.58 	0.82 	3.10 	
0.12 	6.23 	7.66 	6.51 	1.90 	
4.53 	3.73 	2.21 	6.12 	2.41 	
1.03 	5.14 	6.30 	1.58 	1.79 	
7.56 	3.57 	1.61 	5.17 	0.49 	


RESULTS OUTPUT 
------------------------ 
Addition: 
10.45 	10.61 	16.88 	11.05 	17.56 	12.57 	10.23 	
15.97 	9.60 	6.03 	6.13 	14.00 	5.95 	1.36 	
15.89 	10.19 	7.62 	13.27 	3.13 	14.27 	14.72 	
8.87 	0.91 	14.58 	6.98 	16.06 	7.53 	14.92 	
12.46 	10.70 	13.80 	13.43 	15.10 	1.36 	12.07 	
13.42 	6.73 	9.79 	13.87 	9.35 	2.41 	13.89 	
7.75 	7.45 	13.30 	9.98 	13.62 	5.27 	7.58 	
Subtraction: 
0.87 	9.33 	0.54 	-7.79 	0.28 	-5.83 	6.27 	
-3.43 	4.40 	-5.73 	-3.61 	0.04 	2.03 	-1.10 	
3.41 	4.03 	0.10 	1.89 	0.59 	-3.85 	-1.90 	
-3.13 	-0.87 	-2.00 	5.44 	3.16 	0.79 	-2.06 	
6.00 	4.60 	4.54 	-4.35 	2.82 	1.10 	5.57 	
4.26 	-3.65 	-0.43 	-2.41 	5.45 	1.29 	-0.37 	
-5.97 	-3.41 	-6.64 	-8.06 	3.10 	-0.79 	2.64 	
Multiplication: 
288.79 	147.32 	291.90 	333.83 	244.80 	184.06 	183.08 	
148.27 	66.62 	157.58 	191.04 	162.92 	80.55 	84.55 	
258.60 	110.82 	297.14 	270.09 	242.09 	185.81 	183.31 	
184.65 	112.60 	228.56 	245.00 	173.92 	127.42 	187.48 	
297.96 	139.69 	328.21 	349.10 	277.88 	226.87 	202.11 	
199.61 	98.05 	257.49 	263.63 	214.63 	168.54 	160.87 	
122.71 	81.80 	140.73 	176.55 	114.79 	63.38 	95.83 	
Transpose of 1st: 
5.66 	6.27 	9.65 	2.87 	9.23 	8.84 	0.89 	
9.97 	7.00 	7.11 	0.02 	7.65 	1.54 	2.02 	
8.71 	0.15 	3.86 	6.29 	9.17 	4.68 	3.33 	
1.63 	1.26 	7.58 	6.21 	4.54 	5.73 	0.96 	
8.92 	7.02 	1.86 	9.61 	8.96 	7.40 	8.36 	
3.37 	3.99 	5.21 	4.16 	1.23 	1.85 	2.24 	
8.25 	0.13 	6.41 	6.43 	8.82 	6.76 	5.11 	
Transpose of 2nd: 
4.79 	9.70 	6.24 	6.00 	3.23 	4.58 	6.86 	
0.64 	2.60 	3.08 	0.89 	3.05 	5.19 	5.43 	
8.17 	5.88 	3.76 	8.29 	4.63 	5.11 	9.97 	
9.42 	4.87 	5.69 	0.77 	8.89 	8.14 	9.02 	
8.64 	6.98 	1.27 	6.45 	6.14 	1.95 	5.26 	
9.20 	1.96 	9.06 	3.37 	0.13 	0.56 	3.03 	
1.98 	1.23 	8.31 	8.49 	3.25 	7.13 	2.47 	

-------INPUT----------
First matrix = 
5.66 	9.97 	8.71 	1.63 	8.92 	3.37 	8.25 	
6.27 	7.00 	0.15 	1.26 	7.02 	3.99 	0.13 	
9.65 	7.11 	3.86 	7.58 	1.86 	5.21 	6.41 	
2.87 	0.02 	6.29 	6.21 	9.61 	4.16 	6.43 	
9.23 	7.65 	9.17 	4.54 	8.96 	1.23 	8.82 	
8.84 	1.54 	4.68 	5.73 	7.40 	1.85 	6.76 	
0.89 	2.02 	3.33 	0.96 	8.36 	2.24 	5.11 	
Second matrix = 
4.79 	0.64 	8.17 	9.42 	8.64 	9.20 	1.98 	
9.70 	2.60 	5.88 	4.87 	6.98 	1.96 	1.23 	
6.24 	3.08 	3.76 	5.69 	1.27 	9.06 	8.31 	
6.00 	0.89 	8.29 	0.77 	6.45 	3.37 	8.49 	
3.23 	3.05 	4.63 	8.89 	6.14 	0.13 	3.25 	
4.58 	5.19 	5.11 	8.14 	1.95 	0.56 	7.13 	
6.86 	5.43 	9.97 	9.02 	5.26 	3.03 	2.47 	


-------INPUT----------
First matrix = 
1.00 	2.00 	
3.00 	4.00 	
Second matrix = 

RESULTS OUTPUT 
------------------------ 
Addition: 
4.00 	6.00 	
8.00 	10.00 	
Subtraction: 
-2.00 	-2.00 	
-2.00 	-2.00 	
Multiplication: 
13.00 	16.00 	
29.00 	36.00 	
Transpose of 1st: 
1.00 	3.00 	
2.00 	4.00 	
Transpose of 2nd: 
3.00 	5.00 	
4.00 	6.00 	
3.00 	4.00 	
5.00 	6.00 	

